0.1 0.550
0.2 0.415
0.3 0.550
0.4 0.470
0.5 0.570
0.6 0.550
0.7 0.554
0.8 0.550
0.9 0.548
1 0.366
1.1 0.504
1.2 0.569
1.3 0.567
1.4 0.548
1.5 0.490
1.6 0.496
1.7 0.551
1.8 0.547
1.9 0.394
2 0.531
2.1 0.503
2.2 0.551
2.3 0.543
2.4 0.551
2.5 0.579
2.6 0.571
2.7 0.549
2.8 0.541
2.9 0.548
3 0.546
3.1 0.549
3.2 0.571
3.3 0.547
3.4 0.552
3.5 0.557
3.6 0.550
3.7 0.425
3.8 0.401
3.9 0.552
4 0.547
4.1 0.327
4.2 0.406
4.3 0.546
4.4 0.573
4.5 0.498
4.6 0.545
4.7 0.551
4.8 0.533
4.9 0.546
5 0.555
5.1 0.547
5.2 0.548
5.3 0.551
5.4 0.555
5.5 0.552
5.6 0.549
5.7 0.540
5.8 0.547
5.9 0.568
6 0.559
6.1 0.552
6.2 0.567
6.3 0.553
6.4 0.544
6.5 0.553
6.6 0.547
6.7 0.546
6.8 0.554
6.9 0.402
7 0.550
7.1 0.494
7.2 0.547
7.3 0.529
7.4 0.555
7.5 0.491
7.6 0.554
7.7 0.545
7.8 0.549
7.9 0.509
8 0.553
8.1 0.550
8.2 0.513
8.3 0.550
8.4 0.548
8.5 0.561
8.6 0.553
8.7 0.553
8.8 0.547
8.9 0.541
9 0.551
9.1 0.327
9.2 0.452
9.3 0.540
9.4 0.529
9.5 0.536
9.6 0.429
9.7 0.548
9.8 0.573
9.9 0.507
10 0.567
10.1 0.548
10.2 0.544
10.3 0.545
10.4 0.569
10.5 0.525
10.6 0.549
10.7 0.551
10.8 0.560
10.9 0.520
11 0.555
11.1 0.545
11.2 0.392
11.3 0.508
11.4 0.550
11.5 0.520
11.6 0.548
11.7 0.572
11.8 0.548
11.9 0.552
12 0.514
12.1 0.568
12.2 0.551
12.3 0.552
12.4 0.551
12.5 0.547
12.6 0.518
12.7 0.547
12.8 0.572
12.9 0.568
13 0.567
13.1 0.569
13.2 0.547
13.3 0.552
13.4 0.562
13.5 0.545
13.6 0.530
13.7 0.543
13.8 0.497
13.9 0.538
14 0.396
14.1 0.571
14.2 0.573
14.3 0.568
14.4 0.568
14.5 0.568
14.6 0.570
14.7 0.557
14.8 0.547
14.9 0.547
15 0.400
15.1 0.552
15.2 0.545
15.3 0.401
15.4 0.386
15.5 0.493
15.6 0.529
15.7 0.542
15.8 0.555
15.9 0.547
16 0.552
16.1 0.499
16.2 0.549
16.3 0.547
16.4 0.489
16.5 0.544
16.6 0.548
16.7 0.554
16.8 0.564
16.9 0.563
17 0.550
17.1 0.549
17.2 0.556
17.3 0.536
17.4 0.547
17.5 0.362
17.6 0.546
17.7 0.548
17.8 0.549
17.9 0.471
18 0.550
18.1 0.506
18.2 0.546
18.3 0.554
18.4 0.549
18.5 0.550
18.6 0.538
18.7 0.416
18.8 0.417
18.9 0.548
19 0.548
19.1 0.546
19.2 0.546
19.3 0.571
19.4 0.548
19.5 0.553
19.6 0.549
19.7 0.551
19.8 0.546
19.9 0.550
20 0.530
20.1 0.539
20.2 0.550
20.3 0.548
20.4 0.548
20.5 0.490
20.6 0.404
20.7 0.555
20.8 0.554
20.9 0.494
21 0.544
21.1 0.518
21.2 0.516
21.3 0.548
21.4 0.549
21.5 0.401
21.6 0.382
21.7 0.529
21.8 0.495
21.9 0.476
22 0.494
22.1 0.548
22.2 0.546
22.3 0.568
22.4 0.543
22.5 0.399
22.6 0.469
22.7 0.546
22.8 0.546
22.9 0.550
23 0.547
23.1 0.552
23.2 0.392
23.3 0.548
23.4 0.571
23.5 0.571
23.6 0.551
23.7 0.568
23.8 0.552
23.9 0.547
24 0.548
24.1 0.545
24.2 0.546
24.3 0.548
24.4 0.552
24.5 0.522
24.6 0.550
24.7 0.543
24.8 0.470
24.9 0.545
25 0.547
25.1 0.544
25.2 0.567
25.3 0.546
25.4 0.546
25.5 0.546
25.6 0.569
25.7 0.393
25.8 0.548
25.9 0.392
26 0.525
26.1 0.375
26.2 0.546
26.3 0.554
26.4 0.518
26.5 0.553
26.6 0.395
26.7 0.553
26.8 0.571
26.9 0.548
27 0.523
27.1 0.577
27.2 0.553
27.3 0.552
27.4 0.551
27.5 0.566
27.6 0.393
27.7 0.559
27.8 0.539
27.9 0.548
28 0.537
28.1 0.570
28.2 0.533
28.3 0.553
28.4 0.553
28.5 0.546
28.6 0.545
28.7 0.570
28.8 0.398
28.9 0.548
29 0.576
29.1 0.549
29.2 0.573
29.3 0.567
29.4 0.551
29.5 0.550
29.6 0.482
29.7 0.551
29.8 0.377
29.9 0.472
30 0.545
30.1 0.529
30.2 0.548
30.3 0.552
30.4 0.532
30.5 0.390
30.6 0.467
30.7 0.548
30.8 0.553
30.9 0.549
31 0.537
31.1 0.572
31.2 0.528
31.3 0.545
31.4 0.553
31.5 0.546
31.6 0.546
31.7 0.553
31.8 0.549
31.9 0.550
32 0.553
32.1 0.568
32.2 0.549
32.3 0.574
32.4 0.544
32.5 0.552
32.6 0.527
32.7 0.553
32.8 0.386
32.9 0.544
33 0.538
33.1 0.569
33.2 0.564
33.3 0.533
33.4 0.551
33.5 0.409
33.6 0.553
33.7 0.545
33.8 0.325
33.9 0.557
34 0.539
34.1 0.527
34.2 0.506
34.3 0.420
34.4 0.370
34.5 0.495
34.6 0.539
34.7 0.539
34.8 0.541
34.9 0.550
35 0.520
35.1 0.545
35.2 0.560
35.3 0.490
35.4 0.550
35.5 0.549
35.6 0.551
35.7 0.548
35.8 0.546
35.9 0.558
36 0.546
36.1 0.571
36.2 0.564
36.3 0.551
36.4 0.548
36.5 0.526
36.6 0.546
36.7 0.567
36.8 0.548
36.9 0.550
37 0.574
37.1 0.547
37.2 0.479
37.3 0.407
37.4 0.541
37.5 0.406
37.6 0.549
37.7 0.568
37.8 0.551
37.9 0.514
38 0.551
38.1 0.546
38.2 0.551
38.3 0.548
38.4 0.520
38.5 0.392
38.6 0.553
38.7 0.546
38.8 0.569
38.9 0.463
39 0.547
39.1 0.368
39.2 0.543
39.3 0.548
39.4 0.562
39.5 0.551
39.6 0.550
39.7 0.547
39.8 0.549
39.9 0.569
40 0.328
40.1 0.557
40.2 0.532
40.3 0.549
40.4 0.471
40.5 0.550
40.6 0.569
40.7 0.555
40.8 0.549
40.9 0.547
41 0.553
41.1 0.538
41.2 0.553
41.3 0.546
41.4 0.557
41.5 0.547
41.6 0.499
41.7 0.558
41.8 0.545
41.9 0.549
42 0.495
42.1 0.570
42.2 0.492
42.3 0.366
42.4 0.549
42.5 0.546
42.6 0.547
42.7 0.553
42.8 0.513
42.9 0.544
43 0.549
43.1 0.549
43.2 0.551
43.3 0.568
43.4 0.554
43.5 0.548
43.6 0.399
43.7 0.547
43.8 0.544
43.9 0.500
44 0.553
44.1 0.550
44.2 0.461
44.3 0.552
44.4 0.552
44.5 0.545
44.6 0.546
44.7 0.543
44.8 0.551
44.9 0.550
45 0.538
45.1 0.554
45.2 0.556
45.3 0.394
45.4 0.547
45.5 0.540
45.6 0.549
45.7 0.549
45.8 0.552
45.9 0.537
46 0.546
46.1 0.542
46.2 0.325
46.3 0.525
46.4 0.533
46.5 0.508
46.6 0.371
46.7 0.391
46.8 0.540
46.9 0.542
47 0.572
47.1 0.469
47.2 0.488
47.3 0.496
47.4 0.545
47.5 0.521
47.6 0.548
47.7 0.549
47.8 0.461
47.9 0.554
48 0.554
48.1 0.556
48.2 0.571
48.3 0.548
48.4 0.501
48.5 0.549
48.6 0.546
48.7 0.551
48.8 0.553
48.9 0.462
49 0.360
49.1 0.547
49.2 0.534
49.3 0.552
49.4 0.551
49.5 0.497
49.6 0.546
49.7 0.546
49.8 0.543
49.9 0.545
50 0.546
50.1 0.546
50.2 0.571
50.3 0.572
50.4 0.569
50.5 0.549
50.6 0.552
50.7 0.462
50.8 0.544
50.9 0.569
51 0.543
51.1 0.546
51.2 0.566
51.3 0.551
51.4 0.544
51.5 0.547
51.6 0.549
51.7 0.550
51.8 0.571
51.9 0.573
52 0.547
52.1 0.395
52.2 0.549
52.3 0.542
52.4 0.324
52.5 0.552
52.6 0.537
52.7 0.532
52.8 0.389
52.9 0.548
53 0.550
53.1 0.572
53.2 0.571
53.3 0.547
53.4 0.519
53.5 0.552
53.6 0.545
53.7 0.549
53.8 0.546
53.9 0.544
54 0.548
54.1 0.549
54.2 0.549
54.3 0.550
54.4 0.495
54.5 0.568
54.6 0.546
54.7 0.546
54.8 0.544
54.9 0.549
55 0.514
55.1 0.556
55.2 0.546
55.3 0.538
55.4 0.549
55.5 0.547
55.6 0.366
55.7 0.553
55.8 0.547
55.9 0.541
56 0.360
56.1 0.553
56.2 0.556
56.3 0.568
56.4 0.545
56.5 0.462
56.6 0.542
56.7 0.550
56.8 0.550
56.9 0.545
57 0.546
57.1 0.550
57.2 0.536
57.3 0.549
57.4 0.549
57.5 0.546
57.6 0.545
57.7 0.547
57.8 0.548
57.9 0.543
58 0.546
58.1 0.577
58.2 0.550
58.3 0.553
58.4 0.543
58.5 0.568
58.6 0.326
58.7 0.554
58.8 0.540
58.9 0.532
59 0.532
59.1 0.561
59.2 0.547
59.3 0.548
59.4 0.545
59.5 0.566
59.6 0.394
59.7 0.362
59.8 0.406
59.9 0.570
60 0.563
60.1 0.553
60.2 0.573
60.3 0.569
60.4 0.542
60.5 0.548
60.6 0.554
60.7 0.510
60.8 0.550
60.9 0.574
61 0.547
61.1 0.526
61.2 0.401
61.3 0.411
61.4 0.540
61.5 0.547
61.6 0.568
61.7 0.401
61.8 0.545
61.9 0.564
62 0.496
62.1 0.392
62.2 0.528
62.3 0.549
62.4 0.544
62.5 0.512
62.6 0.547
62.7 0.372
62.8 0.511
62.9 0.543
63 0.569
63.1 0.550
63.2 0.479
63.3 0.547
63.4 0.549
63.5 0.567
63.6 0.567
63.7 0.543
63.8 0.548
63.9 0.552
64 0.546
64.1 0.557
64.2 0.475
64.3 0.590
64.4 0.546
64.5 0.546
64.6 0.554
64.7 0.413
64.8 0.306
64.9 0.540
65 0.554
65.1 0.545
65.2 0.461
65.3 0.389
65.4 0.389
65.5 0.339
65.6 0.527
65.7 0.531
65.8 0.529
65.9 0.542
66 0.409
66.1 0.545
66.2 0.559
66.3 0.550
66.4 0.554
66.5 0.403
66.6 0.472
66.7 0.363
66.8 0.570
66.9 0.408
67 0.546
67.1 0.568
67.2 0.570
67.3 0.551
67.4 0.549
67.5 0.550
67.6 0.545
67.7 0.545
67.8 0.522
67.9 0.550
68 0.549
68.1 0.547
68.2 0.570
68.3 0.547
68.4 0.546
68.5 0.317
68.6 0.538
68.7 0.527
68.8 0.549
68.9 0.547
69 0.407
69.1 0.544
69.2 0.483
69.3 0.543
69.4 0.549
69.5 0.554
69.6 0.549
69.7 0.544
69.8 0.544
69.9 0.574
70 0.545
70.1 0.544
70.2 0.478
70.3 0.477
70.4 0.401
70.5 0.485
70.6 0.477
70.7 0.553
70.8 0.545
70.9 0.394
71 0.379
71.1 0.333
71.2 0.550
71.3 0.467
71.4 0.545
71.5 0.402
71.6 0.386
71.7 0.565
71.8 0.545
71.9 0.571
72 0.409
72.1 0.549
72.2 0.552
72.3 0.482
72.4 0.484
72.5 0.556
72.6 0.531
72.7 0.402
72.8 0.545
72.9 0.547
73 0.544
73.1 0.546
73.2 0.535
73.3 0.570
73.4 0.568
73.5 0.479
73.6 0.543
73.7 0.547
73.8 0.551
73.9 0.389
74 0.510
74.1 0.468
74.2 0.540
74.3 0.549
74.4 0.547
74.5 0.567
74.6 0.550
74.7 0.547
74.8 0.336
74.9 0.552
75 0.536
75.1 0.523
75.2 0.389
75.3 0.542
75.4 0.465
75.5 0.544
75.6 0.568
75.7 0.547
75.8 0.544
75.9 0.554
76 0.480
76.1 0.569
76.2 0.529
76.3 0.492
76.4 0.535
76.5 0.390
76.6 0.567
76.7 0.571
76.8 0.542
76.9 0.544
77 0.549
77.1 0.407
77.2 0.382
77.3 0.358
77.4 0.530
77.5 0.535
77.6 0.510
77.7 0.499
77.8 0.569
77.9 0.548
78 0.542
78.1 0.516
78.2 0.406
78.3 0.485
78.4 0.405
78.5 0.560
78.6 0.549
78.7 0.568
78.8 0.546
78.9 0.548
79 0.546
79.1 0.552
79.2 0.546
79.3 0.543
79.4 0.550
79.5 0.545
79.6 0.547
79.7 0.544
79.8 0.548
79.9 0.507
80 0.548
80.1 0.498
80.2 0.521
80.3 0.549
80.4 0.508
80.5 0.396
80.6 0.374
80.7 0.504
80.8 0.544
80.9 0.549
81 0.545
81.1 0.544
81.2 0.333
81.3 0.550
81.4 0.537
81.5 0.513
81.6 0.535
81.7 0.411
81.8 0.474
81.9 0.400
82 0.546
82.1 0.541
82.2 0.545
82.3 0.549
82.4 0.546
82.5 0.546
82.6 0.543
82.7 0.551
82.8 0.533
82.9 0.560
83 0.501
83.1 0.551
83.2 0.548
83.3 0.548
83.4 0.403
83.5 0.379
83.6 0.534
83.7 0.532
83.8 0.548
83.9 0.547
84 0.544
84.1 0.508
84.2 0.572
84.3 0.545
84.4 0.392
84.5 0.380
84.6 0.359
84.7 0.524
84.8 0.530
84.9 0.541
85 0.543
85.1 0.543
85.2 0.536
85.3 0.569
85.4 0.554
85.5 0.484
85.6 0.490
85.7 0.488
85.8 0.548
85.9 0.553
86 0.547
86.1 0.547
86.2 0.547
86.3 0.544
86.4 0.546
86.5 0.506
86.6 0.550
86.7 0.570
86.8 0.469
86.9 0.525
87 0.568
87.1 0.550
87.2 0.533
87.3 0.543
87.4 0.543
87.5 0.568
87.6 0.340
87.7 0.545
87.8 0.519
87.9 0.529
88 0.544
88.1 0.545
88.2 0.489
88.3 0.471
88.4 0.542
88.5 0.543
88.6 0.543
88.7 0.398
88.8 0.544
88.9 0.518
89 0.531
89.1 0.547
89.2 0.464
89.3 0.534
89.4 0.475
89.5 0.398
89.6 0.351
89.7 0.382
89.8 0.493
89.9 0.410
90 0.405
90.1 0.358
90.2 0.418
90.3 0.410
90.4 0.357
90.5 0.541
90.6 0.404
90.7 0.376
90.8 0.381
90.9 0.341
91 0.387
91.1 0.532
91.2 0.402
91.3 0.382
91.4 0.394
91.5 0.542
91.6 0.404
91.7 0.548
91.8 0.399
91.9 0.546
92 0.466
92.1 0.474
92.2 0.543
92.3 0.534
92.4 0.537
92.5 0.402
92.6 0.551
92.7 0.414
92.8 0.556
92.9 0.410
93 0.592
93.1 0.571
93.2 0.549
93.3 0.545
93.4 0.546
93.5 0.535
93.6 0.541
93.7 0.482
93.8 0.548
93.9 0.395
94 0.373
94.1 0.345
94.2 0.533
94.3 0.524
94.4 0.482
94.5 0.534
94.6 0.537
94.7 0.544
94.8 0.548
94.9 0.502
95 0.547
95.1 0.404
95.2 0.572
95.3 0.577
95.4 0.541
95.5 0.541
95.6 0.541
95.7 0.402
95.8 0.381
95.9 0.363
96 0.529
96.1 0.460
96.2 0.458
96.3 0.403
96.4 0.525
96.5 0.550
96.6 0.548
96.7 0.550
96.8 0.547
96.9 0.544
97 0.550
97.1 0.394
97.2 0.386
97.3 0.480
97.4 0.530
97.5 0.536
97.6 0.546
97.7 0.547
97.8 0.548
97.9 0.544
98 0.545
98.1 0.544
98.2 0.541
98.3 0.548
98.4 0.568
98.5 0.542
98.6 0.548
98.7 0.405
98.8 0.543
98.9 0.541
99 0.551
99.1 0.573
99.2 0.571
99.3 0.570
99.4 0.574
99.5 0.570
99.6 0.551
99.7 0.544
99.8 0.542
99.9 0.546
100 0.497
