0.1 0.430
0.2 0.334
0.3 0.351
0.4 0.382
0.5 0.382
0.6 0.370
0.7 0.368
0.8 0.467
0.9 0.491
1 0.493
1.1 0.389
1.2 0.391
1.3 0.493
1.4 0.489
1.5 0.495
1.6 0.388
1.7 0.379
1.8 0.393
1.9 0.339
2 0.328
2.1 0.324
2.2 0.378
2.3 0.381
2.4 0.468
2.5 0.489
2.6 0.492
2.7 0.487
2.8 0.470
2.9 0.364
3 0.493
3.1 0.487
3.2 0.398
3.3 0.388
3.4 0.377
3.5 0.375
3.6 0.476
3.7 0.507
3.8 0.493
3.9 0.494
4 0.375
4.1 0.347
4.2 0.495
4.3 0.495
4.4 0.482
4.5 0.405
4.6 0.383
4.7 0.395
4.8 0.352
4.9 0.407
5 0.375
5.1 0.474
5.2 0.468
5.3 0.501
5.4 0.492
5.5 0.469
5.6 0.484
5.7 0.508
5.8 0.495
5.9 0.495
6 0.488
6.1 0.410
6.2 0.400
6.3 0.500
6.4 0.501
6.5 0.497
6.6 0.496
6.7 0.497
6.8 0.540
6.9 0.468
7 0.496
7.1 0.502
7.2 0.500
7.3 0.485
7.4 0.495
7.5 0.498
7.6 0.484
7.7 0.497
7.8 0.494
7.9 0.496
8 0.490
8.1 0.397
8.2 0.499
8.3 0.499
8.4 0.488
8.5 0.498
8.6 0.495
8.7 0.475
8.8 0.490
8.9 0.494
9 0.493
9.1 0.497
9.2 0.499
9.3 0.496
9.4 0.478
9.5 0.495
9.6 0.501
9.7 0.496
9.8 0.494
9.9 0.340
10 0.378
10.1 0.383
10.2 0.376
10.3 0.329
10.4 0.491
10.5 0.373
10.6 0.375
10.7 0.329
10.8 0.495
10.9 0.374
11 0.374
11.1 0.331
11.2 0.490
11.3 0.374
11.4 0.376
11.5 0.376
11.6 0.379
11.7 0.371
11.8 0.367
11.9 0.390
12 0.491
12.1 0.485
12.2 0.488
12.3 0.381
12.4 0.493
12.5 0.368
12.6 0.368
12.7 0.332
12.8 0.382
12.9 0.475
13 0.489
13.1 0.492
13.2 0.454
13.3 0.498
13.4 0.487
13.5 0.496
13.6 0.489
13.7 0.487
13.8 0.495
13.9 0.500
14 0.497
14.1 0.493
14.2 0.495
14.3 0.428
14.4 0.483
14.5 0.464
14.6 0.376
14.7 0.412
14.8 0.502
14.9 0.500
15 0.499
15.1 0.467
15.2 0.497
15.3 0.497
15.4 0.498
15.5 0.500
15.6 0.497
15.7 0.500
15.8 0.494
15.9 0.501
16 0.495
16.1 0.496
16.2 0.494
16.3 0.500
16.4 0.494
16.5 0.500
16.6 0.494
16.7 0.502
16.8 0.497
16.9 0.496
17 0.468
17.1 0.503
17.2 0.484
17.3 0.494
17.4 0.494
17.5 0.490
17.6 0.497
17.7 0.496
17.8 0.495
17.9 0.482
18 0.496
18.1 0.500
18.2 0.509
18.3 0.473
18.4 0.496
18.5 0.494
18.6 0.494
18.7 0.467
18.8 0.500
18.9 0.396
19 0.500
19.1 0.459
19.2 0.500
19.3 0.493
19.4 0.495
19.5 0.443
19.6 0.497
19.7 0.499
19.8 0.492
19.9 0.440
20 0.502
20.1 0.496
20.2 0.496
20.3 0.431
20.4 0.498
20.5 0.403
20.6 0.500
20.7 0.424
20.8 0.505
20.9 0.494
21 0.494
21.1 0.412
21.2 0.499
21.3 0.500
21.4 0.500
21.5 0.408
21.6 0.500
21.7 0.485
21.8 0.496
21.9 0.413
22 0.499
22.1 0.496
22.2 0.494
22.3 0.456
22.4 0.501
22.5 0.493
22.6 0.495
22.7 0.403
22.8 0.504
22.9 0.500
23 0.501
23.1 0.404
23.2 0.462
23.3 0.496
23.4 0.494
23.5 0.499
23.6 0.499
23.7 0.494
23.8 0.499
23.9 0.499
24 0.495
24.1 0.494
24.2 0.495
24.3 0.499
24.4 0.497
24.5 0.499
24.6 0.503
24.7 0.498
24.8 0.497
24.9 0.495
25 0.496
25.1 0.471
25.2 0.498
25.3 0.496
25.4 0.500
25.5 0.423
25.6 0.402
25.7 0.501
25.8 0.493
25.9 0.499
26 0.495
26.1 0.500
26.2 0.496
26.3 0.501
26.4 0.494
26.5 0.497
26.6 0.496
26.7 0.500
26.8 0.498
26.9 0.497
27 0.497
27.1 0.501
27.2 0.495
27.3 0.480
27.4 0.495
27.5 0.401
27.6 0.500
27.7 0.499
27.8 0.399
27.9 0.464
28 0.497
28.1 0.494
28.2 0.495
28.3 0.474
28.4 0.495
28.5 0.493
28.6 0.495
28.7 0.410
28.8 0.374
28.9 0.373
29 0.375
29.1 0.461
29.2 0.499
29.3 0.499
29.4 0.496
29.5 0.460
29.6 0.498
29.7 0.494
29.8 0.493
29.9 0.464
30 0.496
30.1 0.493
30.2 0.496
30.3 0.464
30.4 0.497
30.5 0.493
30.6 0.495
30.7 0.498
30.8 0.496
30.9 0.501
31 0.356
31.1 0.456
31.2 0.489
31.3 0.495
31.4 0.494
31.5 0.498
31.6 0.498
31.7 0.495
31.8 0.495
31.9 0.500
32 0.493
32.1 0.495
32.2 0.496
32.3 0.500
32.4 0.495
32.5 0.500
32.6 0.494
32.7 0.500
32.8 0.495
32.9 0.491
33 0.495
33.1 0.462
33.2 0.462
33.3 0.494
33.4 0.497
33.5 0.470
33.6 0.496
33.7 0.404
33.8 0.500
33.9 0.467
34 0.496
34.1 0.504
34.2 0.475
34.3 0.464
34.4 0.496
34.5 0.494
34.6 0.496
34.7 0.470
34.8 0.496
34.9 0.334
35 0.377
35.1 0.458
35.2 0.375
35.3 0.374
35.4 0.375
35.5 0.473
35.6 0.374
35.7 0.377
35.8 0.373
35.9 0.475
36 0.375
36.1 0.375
36.2 0.374
36.3 0.375
36.4 0.377
36.5 0.367
36.6 0.367
36.7 0.469
36.8 0.464
36.9 0.490
37 0.480
37.1 0.472
37.2 0.489
37.3 0.494
37.4 0.398
37.5 0.471
37.6 0.495
37.7 0.493
37.8 0.375
37.9 0.391
38 0.375
38.1 0.375
38.2 0.374
38.3 0.386
38.4 0.331
38.5 0.309
38.6 0.312
38.7 0.311
38.8 0.310
38.9 0.313
39 0.313
39.1 0.309
39.2 0.310
39.3 0.309
39.4 0.313
39.5 0.315
39.6 0.311
39.7 0.502
39.8 0.514
39.9 0.490
40 0.513
40.1 0.473
40.2 0.507
40.3 0.482
40.4 0.506
40.5 0.509
40.6 0.481
40.7 0.484
40.8 0.506
40.9 0.504
41 0.489
41.1 0.481
41.2 0.464
41.3 0.510
41.4 0.496
41.5 0.483
41.6 0.501
41.7 0.496
41.8 0.496
41.9 0.480
42 0.491
42.1 0.357
42.2 0.498
42.3 0.475
42.4 0.493
42.5 0.483
42.6 0.484
42.7 0.473
42.8 0.483
42.9 0.475
43 0.476
43.1 0.474
43.2 0.442
43.3 0.482
43.4 0.479
43.5 0.464
43.6 0.477
43.7 0.480
43.8 0.456
43.9 0.466
44 0.355
44.1 0.483
44.2 0.336
44.3 0.473
44.4 0.477
44.5 0.481
44.6 0.480
44.7 0.371
44.8 0.484
44.9 0.479
45 0.463
45.1 0.478
45.2 0.485
45.3 0.485
45.4 0.488
45.5 0.476
45.6 0.485
45.7 0.487
45.8 0.483
45.9 0.366
46 0.348
46.1 0.425
46.2 0.377
46.3 0.397
46.4 0.362
46.5 0.361
46.6 0.348
46.7 0.350
46.8 0.495
46.9 0.500
47 0.478
47.1 0.494
47.2 0.495
47.3 0.494
47.4 0.495
47.5 0.488
47.6 0.496
47.7 0.495
47.8 0.497
47.9 0.489
48 0.496
48.1 0.494
48.2 0.495
48.3 0.494
48.4 0.494
48.5 0.502
48.6 0.538
48.7 0.373
48.8 0.377
48.9 0.374
49 0.374
49.1 0.500
49.2 0.496
49.3 0.413
49.4 0.498
49.5 0.501
49.6 0.496
49.7 0.495
49.8 0.495
49.9 0.494
50 0.495
50.1 0.502
50.2 0.481
50.3 0.497
50.4 0.496
50.5 0.497
50.6 0.495
50.7 0.495
50.8 0.494
50.9 0.495
51 0.519
51.1 0.376
51.2 0.374
51.3 0.501
51.4 0.559
51.5 0.492
51.6 0.496
51.7 0.503
51.8 0.376
51.9 0.376
52 0.376
52.1 0.377
52.2 0.391
52.3 0.500
52.4 0.464
52.5 0.495
52.6 0.522
52.7 0.496
52.8 0.494
52.9 0.497
53 0.500
53.1 0.498
53.2 0.406
53.3 0.501
53.4 0.499
53.5 0.499
53.6 0.496
53.7 0.498
53.8 0.376
53.9 0.485
54 0.494
54.1 0.499
54.2 0.503
54.3 0.499
54.4 0.494
54.5 0.494
54.6 0.403
54.7 0.504
54.8 0.493
54.9 0.500
55 0.502
55.1 0.496
55.2 0.496
55.3 0.495
55.4 0.499
55.5 0.497
55.6 0.498
55.7 0.497
55.8 0.502
55.9 0.497
56 0.494
56.1 0.494
56.2 0.487
56.3 0.495
56.4 0.493
56.5 0.514
56.6 0.478
56.7 0.500
56.8 0.493
56.9 0.497
57 0.501
57.1 0.495
57.2 0.495
57.3 0.495
57.4 0.454
57.5 0.500
57.6 0.495
57.7 0.478
57.8 0.453
57.9 0.387
58 0.385
58.1 0.381
58.2 0.384
58.3 0.378
58.4 0.476
58.5 0.401
58.6 0.378
58.7 0.501
58.8 0.494
58.9 0.496
59 0.414
59.1 0.382
59.2 0.498
59.3 0.407
59.4 0.383
59.5 0.481
59.6 0.496
59.7 0.506
59.8 0.352
59.9 0.377
60 0.375
60.1 0.376
60.2 0.374
60.3 0.374
60.4 0.374
60.5 0.373
60.6 0.387
60.7 0.377
60.8 0.376
60.9 0.368
61 0.367
61.1 0.369
61.2 0.369
61.3 0.371
61.4 0.367
61.5 0.367
61.6 0.366
61.7 0.365
61.8 0.367
61.9 0.367
62 0.366
62.1 0.368
62.2 0.368
62.3 0.367
62.4 0.366
62.5 0.367
62.6 0.371
62.7 0.368
62.8 0.367
62.9 0.505
63 0.458
63.1 0.461
63.2 0.490
63.3 0.367
63.4 0.368
63.5 0.485
63.6 0.368
63.7 0.371
63.8 0.327
63.9 0.479
64 0.367
64.1 0.367
64.2 0.366
64.3 0.371
64.4 0.367
64.5 0.369
64.6 0.368
64.7 0.485
64.8 0.387
64.9 0.494
65 0.401
65.1 0.465
65.2 0.489
65.3 0.488
65.4 0.503
65.5 0.483
65.6 0.489
65.7 0.489
65.8 0.488
65.9 0.484
66 0.492
66.1 0.493
66.2 0.470
66.3 0.484
66.4 0.492
66.5 0.487
66.6 0.493
66.7 0.493
66.8 0.489
66.9 0.488
67 0.390
67.1 0.371
67.2 0.374
67.3 0.368
67.4 0.367
67.5 0.484
67.6 0.490
67.7 0.495
67.8 0.400
67.9 0.493
68 0.494
68.1 0.494
68.2 0.495
68.3 0.491
68.4 0.496
68.5 0.493
68.6 0.499
68.7 0.496
68.8 0.496
68.9 0.494
69 0.495
69.1 0.496
69.2 0.494
69.3 0.466
69.4 0.480
69.5 0.493
69.6 0.494
69.7 0.495
69.8 0.493
69.9 0.376
70 0.373
70.1 0.374
70.2 0.389
70.3 0.494
70.4 0.494
70.5 0.494
70.6 0.520
70.7 0.493
70.8 0.494
70.9 0.495
71 0.514
71.1 0.487
71.2 0.396
71.3 0.362
71.4 0.507
71.5 0.495
71.6 0.495
71.7 0.496
71.8 0.501
71.9 0.496
72 0.494
72.1 0.493
72.2 0.502
72.3 0.494
72.4 0.494
72.5 0.501
72.6 0.494
72.7 0.495
72.8 0.494
72.9 0.494
73 0.504
73.1 0.496
73.2 0.495
73.3 0.495
73.4 0.500
73.5 0.498
73.6 0.492
73.7 0.493
73.8 0.505
73.9 0.496
74 0.496
74.1 0.500
74.2 0.500
74.3 0.495
74.4 0.494
74.5 0.400
74.6 0.507
74.7 0.496
74.8 0.495
74.9 0.463
75 0.472
75.1 0.499
75.2 0.494
75.3 0.493
75.4 0.498
75.5 0.496
75.6 0.494
75.7 0.514
75.8 0.497
75.9 0.490
76 0.494
76.1 0.496
76.2 0.498
76.3 0.498
76.4 0.495
76.5 0.476
76.6 0.493
76.7 0.497
76.8 0.493
76.9 0.493
77 0.488
77.1 0.493
77.2 0.495
77.3 0.502
77.4 0.471
77.5 0.379
77.6 0.375
77.7 0.376
77.8 0.380
77.9 0.501
78 0.493
78.1 0.494
78.2 0.452
78.3 0.498
78.4 0.496
78.5 0.493
78.6 0.498
78.7 0.494
78.8 0.493
78.9 0.504
79 0.499
79.1 0.499
79.2 0.480
79.3 0.494
79.4 0.419
79.5 0.497
79.6 0.497
79.7 0.494
79.8 0.411
79.9 0.504
80 0.470
80.1 0.470
80.2 0.374
80.3 0.501
80.4 0.492
80.5 0.500
80.6 0.410
80.7 0.498
80.8 0.495
80.9 0.494
81 0.405
81.1 0.499
81.2 0.496
81.3 0.494
81.4 0.403
81.5 0.500
81.6 0.497
81.7 0.493
81.8 0.405
81.9 0.499
82 0.496
82.1 0.506
82.2 0.402
82.3 0.500
82.4 0.493
82.5 0.490
82.6 0.403
82.7 0.499
82.8 0.492
82.9 0.497
83 0.400
83.1 0.383
83.2 0.395
83.3 0.396
83.4 0.383
83.5 0.499
83.6 0.494
83.7 0.500
83.8 0.406
83.9 0.503
84 0.499
84.1 0.498
84.2 0.404
84.3 0.500
84.4 0.493
84.5 0.494
84.6 0.417
84.7 0.503
84.8 0.376
84.9 0.373
85 0.378
85.1 0.374
85.2 0.373
85.3 0.353
85.4 0.374
85.5 0.374
85.6 0.373
85.7 0.366
85.8 0.369
85.9 0.366
86 0.366
86.1 0.366
86.2 0.459
86.3 0.368
86.4 0.365
86.5 0.365
86.6 0.455
86.7 0.490
86.8 0.489
86.9 0.472
87 0.454
87.1 0.490
87.2 0.484
87.3 0.488
87.4 0.457
87.5 0.488
87.6 0.498
87.7 0.492
87.8 0.460
87.9 0.498
88 0.493
88.1 0.495
88.2 0.461
88.3 0.496
88.4 0.493
88.5 0.387
88.6 0.460
88.7 0.500
88.8 0.493
88.9 0.393
89 0.459
89.1 0.496
89.2 0.497
89.3 0.492
89.4 0.387
89.5 0.385
89.6 0.380
89.7 0.379
89.8 0.379
89.9 0.374
90 0.308
90.1 0.309
90.2 0.310
90.3 0.309
90.4 0.310
90.5 0.354
90.6 0.478
90.7 0.505
90.8 0.503
90.9 0.489
91 0.469
91.1 0.497
91.2 0.498
91.3 0.495
91.4 0.461
91.5 0.505
91.6 0.498
91.7 0.466
91.8 0.472
91.9 0.493
92 0.493
92.1 0.339
92.2 0.470
92.3 0.489
92.4 0.483
92.5 0.487
92.6 0.461
92.7 0.341
92.8 0.494
92.9 0.478
93 0.452
93.1 0.480
93.2 0.352
93.3 0.489
93.4 0.458
93.5 0.477
93.6 0.477
93.7 0.477
93.8 0.458
93.9 0.476
94 0.476
94.1 0.478
94.2 0.460
94.3 0.483
94.4 0.479
94.5 0.474
94.6 0.460
94.7 0.479
94.8 0.478
94.9 0.455
95 0.461
95.1 0.490
95.2 0.483
95.3 0.481
95.4 0.467
95.5 0.483
95.6 0.489
95.7 0.486
95.8 0.467
95.9 0.493
96 0.488
96.1 0.491
96.2 0.470
96.3 0.489
96.4 0.495
96.5 0.499
96.6 0.500
96.7 0.495
96.8 0.495
96.9 0.493
97 0.497
97.1 0.494
97.2 0.494
97.3 0.494
97.4 0.498
97.5 0.495
97.6 0.495
97.7 0.495
97.8 0.498
97.9 0.494
98 0.494
98.1 0.476
98.2 0.515
98.3 0.493
98.4 0.402
98.5 0.487
98.6 0.503
98.7 0.462
98.8 0.494
98.9 0.397
99 0.362
99.1 0.462
99.2 0.496
99.3 0.496
99.4 0.406
99.5 0.498
99.6 0.495
99.7 0.414
99.8 0.376
99.9 0.323
100 0.359
