0.1 0.440
0.2 0.405
0.3 0.390
0.4 0.344
0.5 0.341
0.6 0.365
0.7 0.379
0.8 0.380
0.9 0.350
1 0.367
1.1 0.367
1.2 0.383
1.3 0.378
1.4 0.381
1.5 0.337
1.6 0.378
1.7 0.374
1.8 0.425
1.9 0.372
2 0.381
2.1 0.367
2.2 0.381
2.3 0.368
2.4 0.368
2.5 0.490
2.6 0.487
2.7 0.492
2.8 0.475
2.9 0.490
3 0.488
3.1 0.490
3.2 0.476
3.3 0.487
3.4 0.514
3.5 0.392
3.6 0.481
3.7 0.488
3.8 0.486
3.9 0.453
4 0.372
4.1 0.336
4.2 0.349
4.3 0.376
4.4 0.477
4.5 0.491
4.6 0.400
4.7 0.374
4.8 0.482
4.9 0.487
5 0.488
5.1 0.457
5.2 0.485
5.3 0.489
5.4 0.487
5.5 0.403
5.6 0.470
5.7 0.501
5.8 0.495
5.9 0.498
6 0.485
6.1 0.467
6.2 0.484
6.3 0.466
6.4 0.488
6.5 0.495
6.6 0.494
6.7 0.494
6.8 0.495
6.9 0.497
7 0.498
7.1 0.500
7.2 0.489
7.3 0.469
7.4 0.496
7.5 0.495
7.6 0.395
7.7 0.473
7.8 0.498
7.9 0.377
8 0.492
8.1 0.494
8.2 0.494
8.3 0.496
8.4 0.493
8.5 0.496
8.6 0.414
8.7 0.354
8.8 0.492
8.9 0.461
9 0.494
9.1 0.374
9.2 0.377
9.3 0.375
9.4 0.374
9.5 0.330
9.6 0.319
9.7 0.483
9.8 0.495
9.9 0.495
10 0.498
10.1 0.494
10.2 0.494
10.3 0.374
10.4 0.490
10.5 0.496
10.6 0.493
10.7 0.496
10.8 0.473
10.9 0.501
11 0.495
11.1 0.494
11.2 0.488
11.3 0.495
11.4 0.493
11.5 0.494
11.6 0.497
11.7 0.495
11.8 0.493
11.9 0.405
12 0.492
12.1 0.496
12.2 0.495
12.3 0.495
12.4 0.376
12.5 0.374
12.6 0.329
12.7 0.331
12.8 0.492
12.9 0.375
13 0.375
13.1 0.374
13.2 0.502
13.3 0.492
13.4 0.495
13.5 0.549
13.6 0.492
13.7 0.495
13.8 0.493
13.9 0.496
14 0.499
14.1 0.497
14.2 0.494
14.3 0.501
14.4 0.493
14.5 0.495
14.6 0.495
14.7 0.502
14.8 0.500
14.9 0.496
15 0.494
15.1 0.490
15.2 0.496
15.3 0.374
15.4 0.374
15.5 0.376
15.6 0.377
15.7 0.375
15.8 0.375
15.9 0.412
16 0.394
16.1 0.373
16.2 0.368
16.3 0.403
16.4 0.492
16.5 0.495
16.6 0.493
16.7 0.525
16.8 0.495
16.9 0.394
17 0.501
17.1 0.413
17.2 0.493
17.3 0.496
17.4 0.501
17.5 0.429
17.6 0.495
17.7 0.498
17.8 0.497
17.9 0.405
18 0.400
18.1 0.501
18.2 0.495
18.3 0.401
18.4 0.376
18.5 0.375
18.6 0.376
18.7 0.403
18.8 0.492
18.9 0.486
19 0.400
19.1 0.395
19.2 0.400
19.3 0.497
19.4 0.496
19.5 0.399
19.6 0.505
19.7 0.494
19.8 0.495
19.9 0.460
20 0.498
20.1 0.463
20.2 0.499
20.3 0.377
20.4 0.501
20.5 0.445
20.6 0.490
20.7 0.435
20.8 0.498
20.9 0.493
21 0.496
21.1 0.421
21.2 0.497
21.3 0.495
21.4 0.493
21.5 0.406
21.6 0.500
21.7 0.403
21.8 0.384
21.9 0.387
22 0.373
22.1 0.403
22.2 0.390
22.3 0.389
22.4 0.376
22.5 0.376
22.6 0.376
22.7 0.310
22.8 0.505
22.9 0.505
23 0.504
23.1 0.292
23.2 0.514
23.3 0.496
23.4 0.494
23.5 0.372
23.6 0.506
23.7 0.496
23.8 0.485
23.9 0.357
24 0.497
24.1 0.482
24.2 0.490
24.3 0.348
24.4 0.492
24.5 0.486
24.6 0.483
24.7 0.349
24.8 0.484
24.9 0.476
25 0.476
25.1 0.344
25.2 0.466
25.3 0.463
25.4 0.478
25.5 0.332
25.6 0.486
25.7 0.361
25.8 0.360
25.9 0.439
26 0.482
26.1 0.477
26.2 0.478
26.3 0.445
26.4 0.481
26.5 0.480
26.6 0.478
26.7 0.374
26.8 0.491
26.9 0.487
27 0.369
27.1 0.453
27.2 0.486
27.3 0.482
27.4 0.485
27.5 0.467
27.6 0.485
27.7 0.482
27.8 0.492
27.9 0.479
28 0.488
28.1 0.488
28.2 0.487
28.3 0.499
28.4 0.496
28.5 0.495
28.6 0.495
28.7 0.487
28.8 0.494
28.9 0.494
29 0.495
29.1 0.463
29.2 0.474
29.3 0.480
29.4 0.495
29.5 0.477
29.6 0.494
29.7 0.494
29.8 0.494
29.9 0.403
30 0.500
30.1 0.497
30.2 0.495
30.3 0.458
30.4 0.497
30.5 0.494
30.6 0.493
30.7 0.464
30.8 0.501
30.9 0.493
31 0.496
31.1 0.463
31.2 0.497
31.3 0.495
31.4 0.495
31.5 0.461
31.6 0.498
31.7 0.476
31.8 0.496
31.9 0.466
32 0.495
32.1 0.498
32.2 0.494
32.3 0.467
32.4 0.500
32.5 0.398
32.6 0.499
32.7 0.465
32.8 0.496
32.9 0.494
33 0.496
33.1 0.464
33.2 0.497
33.3 0.495
33.4 0.499
33.5 0.463
33.6 0.499
33.7 0.495
33.8 0.495
33.9 0.467
34 0.501
34.1 0.394
34.2 0.513
34.3 0.480
34.4 0.482
34.5 0.497
34.6 0.494
34.7 0.333
34.8 0.304
34.9 0.302
35 0.374
35.1 0.406
35.2 0.310
35.3 0.310
35.4 0.302
35.5 0.484
35.6 0.502
35.7 0.494
35.8 0.494
35.9 0.431
36 0.498
36.1 0.495
36.2 0.495
36.3 0.381
36.4 0.480
36.5 0.496
36.6 0.494
36.7 0.414
36.8 0.501
36.9 0.495
37 0.495
37.1 0.408
37.2 0.507
37.3 0.492
37.4 0.493
37.5 0.402
37.6 0.499
37.7 0.495
37.8 0.494
37.9 0.499
38 0.496
38.1 0.493
38.2 0.496
38.3 0.404
38.4 0.499
38.5 0.493
38.6 0.494
38.7 0.393
38.8 0.504
38.9 0.494
39 0.459
39.1 0.405
39.2 0.501
39.3 0.494
39.4 0.494
39.5 0.376
39.6 0.504
39.7 0.494
39.8 0.494
39.9 0.403
40 0.503
40.1 0.495
40.2 0.494
40.3 0.370
40.4 0.508
40.5 0.494
40.6 0.494
40.7 0.402
40.8 0.501
40.9 0.495
41 0.493
41.1 0.368
41.2 0.496
41.3 0.494
41.4 0.494
41.5 0.402
41.6 0.501
41.7 0.494
41.8 0.496
41.9 0.377
42 0.488
42.1 0.496
42.2 0.477
42.3 0.400
42.4 0.499
42.5 0.493
42.6 0.467
42.7 0.482
42.8 0.497
42.9 0.494
43 0.495
43.1 0.500
43.2 0.494
43.3 0.494
43.4 0.496
43.5 0.502
43.6 0.499
43.7 0.495
43.8 0.406
43.9 0.487
44 0.495
44.1 0.495
44.2 0.494
44.3 0.462
44.4 0.490
44.5 0.496
44.6 0.496
44.7 0.468
44.8 0.496
44.9 0.461
45 0.496
45.1 0.463
45.2 0.503
45.3 0.404
45.4 0.499
45.5 0.466
45.6 0.494
45.7 0.493
45.8 0.494
45.9 0.462
46 0.498
46.1 0.493
46.2 0.485
46.3 0.466
46.4 0.496
46.5 0.469
46.6 0.498
46.7 0.465
46.8 0.501
46.9 0.494
47 0.492
47.1 0.463
47.2 0.495
47.3 0.497
47.4 0.494
47.5 0.463
47.6 0.415
47.7 0.495
47.8 0.496
47.9 0.498
48 0.492
48.1 0.495
48.2 0.398
48.3 0.503
48.4 0.478
48.5 0.479
48.6 0.497
48.7 0.466
48.8 0.497
48.9 0.494
49 0.493
49.1 0.466
49.2 0.496
49.3 0.493
49.4 0.496
49.5 0.466
49.6 0.494
49.7 0.495
49.8 0.494
49.9 0.472
50 0.502
50.1 0.496
50.2 0.514
50.3 0.496
50.4 0.494
50.5 0.497
50.6 0.492
50.7 0.498
50.8 0.497
50.9 0.495
51 0.496
51.1 0.467
51.2 0.500
51.3 0.494
51.4 0.396
51.5 0.471
51.6 0.467
51.7 0.495
51.8 0.494
51.9 0.473
52 0.499
52.1 0.495
52.2 0.397
52.3 0.474
52.4 0.498
52.5 0.494
52.6 0.495
52.7 0.475
52.8 0.403
52.9 0.495
53 0.493
53.1 0.479
53.2 0.500
53.3 0.494
53.4 0.500
53.5 0.474
53.6 0.494
53.7 0.493
53.8 0.496
53.9 0.472
54 0.497
54.1 0.493
54.2 0.499
54.3 0.477
54.4 0.498
54.5 0.494
54.6 0.496
54.7 0.500
54.8 0.499
54.9 0.493
55 0.496
55.1 0.499
55.2 0.495
55.3 0.494
55.4 0.495
55.5 0.498
55.6 0.496
55.7 0.497
55.8 0.495
55.9 0.498
56 0.497
56.1 0.478
56.2 0.394
56.3 0.479
56.4 0.503
56.5 0.495
56.6 0.498
56.7 0.481
56.8 0.497
56.9 0.495
57 0.494
57.1 0.481
57.2 0.490
57.3 0.494
57.4 0.496
57.5 0.480
57.6 0.495
57.7 0.495
57.8 0.496
57.9 0.478
58 0.407
58.1 0.366
58.2 0.334
58.3 0.375
58.4 0.495
58.5 0.495
58.6 0.494
58.7 0.386
58.8 0.379
58.9 0.342
59 0.375
59.1 0.478
59.2 0.498
59.3 0.493
59.4 0.494
59.5 0.462
59.6 0.503
59.7 0.493
59.8 0.422
59.9 0.487
60 0.393
60.1 0.498
60.2 0.498
60.3 0.490
60.4 0.388
60.5 0.378
60.6 0.334
60.7 0.317
60.8 0.302
60.9 0.287
61 0.309
61.1 0.311
61.2 0.320
61.3 0.310
61.4 0.310
61.5 0.308
61.6 0.314
61.7 0.311
61.8 0.311
61.9 0.310
62 0.310
62.1 0.310
62.2 0.303
62.3 0.323
62.4 0.488
62.5 0.507
62.6 0.396
62.7 0.335
62.8 0.324
62.9 0.321
63 0.302
63.1 0.323
63.2 0.321
63.3 0.320
63.4 0.320
63.5 0.482
63.6 0.488
63.7 0.487
63.8 0.489
63.9 0.484
64 0.490
64.1 0.488
64.2 0.489
64.3 0.487
64.4 0.393
64.5 0.494
64.6 0.521
64.7 0.371
64.8 0.369
64.9 0.367
65 0.368
65.1 0.487
65.2 0.490
65.3 0.487
65.4 0.497
65.5 0.490
65.6 0.388
65.7 0.493
65.8 0.521
65.9 0.489
66 0.511
66.1 0.368
66.2 0.367
66.3 0.487
66.4 0.491
66.5 0.488
66.6 0.520
66.7 0.497
66.8 0.489
66.9 0.487
67 0.529
67.1 0.486
67.2 0.494
67.3 0.494
67.4 0.520
67.5 0.494
67.6 0.499
67.7 0.496
67.8 0.541
67.9 0.496
68 0.494
68.1 0.496
68.2 0.499
68.3 0.494
68.4 0.495
68.5 0.493
68.6 0.499
68.7 0.494
68.8 0.488
68.9 0.494
69 0.501
69.1 0.376
69.2 0.491
69.3 0.494
69.4 0.467
69.5 0.497
69.6 0.409
69.7 0.486
69.8 0.398
69.9 0.377
70 0.373
70.1 0.374
70.2 0.389
70.3 0.500
70.4 0.403
70.5 0.499
70.6 0.501
70.7 0.497
70.8 0.504
70.9 0.494
71 0.497
71.1 0.493
71.2 0.497
71.3 0.493
71.4 0.502
71.5 0.497
71.6 0.393
71.7 0.356
71.8 0.378
71.9 0.373
72 0.375
72.1 0.375
72.2 0.397
72.3 0.374
72.4 0.377
72.5 0.373
72.6 0.388
72.7 0.350
72.8 0.377
72.9 0.377
73 0.350
73.1 0.378
73.2 0.514
73.3 0.387
73.4 0.400
73.5 0.498
73.6 0.486
73.7 0.488
73.8 0.467
73.9 0.497
74 0.500
74.1 0.473
74.2 0.500
74.3 0.494
74.4 0.494
74.5 0.495
74.6 0.499
74.7 0.495
74.8 0.497
74.9 0.411
75 0.365
75.1 0.389
75.2 0.462
75.3 0.495
75.4 0.339
75.5 0.507
75.6 0.500
75.7 0.493
75.8 0.358
75.9 0.385
76 0.348
76.1 0.498
76.2 0.351
76.3 0.501
76.4 0.497
76.5 0.494
76.6 0.370
76.7 0.378
76.8 0.473
76.9 0.494
77 0.371
77.1 0.426
77.2 0.384
77.3 0.374
77.4 0.363
77.5 0.354
77.6 0.336
77.7 0.462
77.8 0.404
77.9 0.500
78 0.494
78.1 0.494
78.2 0.382
78.3 0.389
78.4 0.358
78.5 0.499
78.6 0.383
78.7 0.501
78.8 0.499
78.9 0.494
79 0.387
79.1 0.404
79.2 0.376
79.3 0.497
79.4 0.414
79.5 0.441
79.6 0.504
79.7 0.496
79.8 0.395
79.9 0.396
80 0.364
80.1 0.374
80.2 0.466
80.3 0.498
80.4 0.406
80.5 0.501
80.6 0.398
80.7 0.385
80.8 0.397
80.9 0.499
81 0.403
81.1 0.474
81.2 0.497
81.3 0.495
81.4 0.392
81.5 0.384
81.6 0.373
81.7 0.376
81.8 0.464
81.9 0.496
82 0.498
82.1 0.495
82.2 0.406
82.3 0.383
82.4 0.469
82.5 0.409
82.6 0.461
82.7 0.498
82.8 0.495
82.9 0.494
83 0.414
83.1 0.382
83.2 0.352
83.3 0.373
83.4 0.461
83.5 0.495
83.6 0.500
83.7 0.498
83.8 0.406
83.9 0.384
84 0.470
84.1 0.496
84.2 0.469
84.3 0.495
84.4 0.498
84.5 0.495
84.6 0.407
84.7 0.382
84.8 0.461
84.9 0.460
85 0.470
85.1 0.495
85.2 0.500
85.3 0.504
85.4 0.405
85.5 0.379
85.6 0.374
85.7 0.374
85.8 0.374
85.9 0.374
86 0.375
86.1 0.373
86.2 0.359
86.3 0.386
86.4 0.374
86.5 0.347
86.6 0.376
86.7 0.377
86.8 0.379
86.9 0.377
87 0.366
87.1 0.376
87.2 0.379
87.3 0.376
87.4 0.377
87.5 0.376
87.6 0.377
87.7 0.377
87.8 0.384
87.9 0.376
88 0.376
88.1 0.376
88.2 0.381
88.3 0.377
88.4 0.381
88.5 0.377
88.6 0.381
88.7 0.377
88.8 0.376
88.9 0.377
89 0.377
89.1 0.377
89.2 0.360
89.3 0.358
89.4 0.342
89.5 0.312
89.6 0.356
89.7 0.334
89.8 0.320
89.9 0.322
90 0.366
90.1 0.360
90.2 0.359
90.3 0.368
90.4 0.479
90.5 0.479
90.6 0.456
90.7 0.401
90.8 0.485
90.9 0.499
91 0.319
91.1 0.367
91.2 0.483
91.3 0.477
91.4 0.457
91.5 0.339
91.6 0.368
91.7 0.372
91.8 0.376
91.9 0.461
92 0.479
92.1 0.478
92.2 0.458
92.3 0.478
92.4 0.478
92.5 0.494
92.6 0.380
92.7 0.377
92.8 0.487
92.9 0.479
93 0.455
93.1 0.497
93.2 0.460
93.3 0.498
93.4 0.378
93.5 0.311
93.6 0.510
93.7 0.481
93.8 0.464
93.9 0.486
94 0.483
94.1 0.509
94.2 0.363
94.3 0.364
94.4 0.485
94.5 0.485
94.6 0.494
94.7 0.486
94.8 0.460
94.9 0.436
95 0.408
95.1 0.367
95.2 0.482
95.3 0.488
95.4 0.476
95.5 0.489
95.6 0.492
95.7 0.527
95.8 0.391
95.9 0.371
96 0.482
96.1 0.490
96.2 0.489
96.3 0.497
96.4 0.476
96.5 0.515
96.6 0.388
96.7 0.379
96.8 0.398
96.9 0.497
97 0.486
97.1 0.497
97.2 0.495
97.3 0.529
97.4 0.385
97.5 0.378
97.6 0.485
97.7 0.496
97.8 0.487
97.9 0.497
98 0.499
98.1 0.442
98.2 0.383
98.3 0.339
98.4 0.489
98.5 0.494
98.6 0.488
98.7 0.496
98.8 0.494
98.9 0.504
99 0.389
99.1 0.377
99.2 0.434
99.3 0.501
99.4 0.487
99.5 0.495
99.6 0.499
99.7 0.481
99.8 0.387
99.9 0.375
100 0.477
